split: val
num_examples: 23
pearson_r: -0.5707855344798273
rmse: 3.474871301532976
mae: 2.914447787286594
