split: val
num_examples: 11
pearson_r: 0.44665610072279355
rmse: 1.0819844306621085
mae: 0.7961598442065335
