split: train
num_examples: 3853
pearson_r: -0.0016767120938457857
rmse: 417.3087265503379
mae: 415.3782699873887
