split: val
num_examples: 139
pearson_r: -0.014421823225827433
rmse: 403.9069680531782
mae: 399.29756766067186
