split: val
num_examples: 125
pearson_r: 0.20596133708104034
rmse: 1.1653868876861655
mae: 0.9051492633586486
