split: train
num_examples: 3924
pearson_r: 0.0037233166124459776
rmse: 1.2732295393925737
mae: 0.9928677052833201
